(98474, 26)
(98474, 15)
Text(0,0.5,'Frequency')

Text(0,0.5,'Frequency')


Text(0,0.5,'Frequency')

Text(0,0.5,'Frequency')


Text(0,0.5,'Frequency')





npinppes_provider_gendernppes_entity_codenppes_provider_stateprovider_typemedicare_participation_indicatorplace_of_servicehcpcs_codeline_srvc_cntbene_unique_cntbene_day_srvc_cntaverage_Medicare_allowed_amtaverage_submitted_chrg_amtaverage_Medicare_payment_amtaverage_Medicare_standard_amtnppes_census_region27769271285616573MICONephrologyYO8100243.039433.50000018.0000003.3502333.430000W96104021972636843FIPAPhysician AssistantYO11101135.0748027.450000196.50000020.97185221.696370N83752321851305916MIMOUrologyYO5174177.0647711.708831269.0000008.6732479.538961M35582741366415960MINJGastroenterologyYO9920230.0303081.490000247.06666757.43966753.212333N67892701689866493FIMIColorectal Surgery (Proctology)YF4538024.02324177.625417827.000000128.538750131.240417W







npinppes_provider_gendernppes_entity_codenppes_provider_stateprovider_typemedicare_participation_indicatorplace_of_servicehcpcs_codeline_srvc_cntbene_unique_cntbene_day_srvc_cntaverage_Medicare_allowed_amtaverage_submitted_chrg_amtaverage_Medicare_payment_amtaverage_Medicare_standard_amtnppes_census_region27769271285616573MICONephrologyYO8100243.039433.50000018.0000003.3502333.430000W96104021972636843FIPAPhysician AssistantYO11101135.0748027.450000196.50000020.97185221.696370N83752321851305916MIMOUrologyYO5174177.0647711.708831269.0000008.6732479.538961M35582741366415960MINJGastroenterologyYO9920230.0303081.490000247.06666757.43966753.212333N67892701689866493FIMIColorectal Surgery (Proctology)YF4538024.02324177.625417827.000000128.538750131.240417W


line_srvc_cntbene_unique_cntbene_day_srvc_cntaverage_Medicare_allowed_amtaverage_submitted_chrg_amtaverage_Medicare_payment_amtaverage_Medicare_standard_amtaverage_Medicare_uncovered_amtnppes_census_region_Mnppes_census_region_Nnppes_census_region_Onppes_census_region_Snppes_census_region_Wplace_of_service_Fplace_of_service_Onppes_provider_gender_Fnppes_provider_gender_Mline_srvc_cnt1.0000000.0628600.101795-0.015953-0.015585-0.015694-0.0156300.186680-0.009255-0.003042-0.0027230.012933-0.002825-0.0299680.029968-0.0064120.006412bene_unique_cnt0.0628601.0000000.796878-0.040628-0.054489-0.042105-0.042140-0.015880-0.023463-0.000598-0.0127490.031002-0.011170-0.0318390.031839-0.0482230.048223bene_day_srvc_cnt0.1017950.7968781.000000-0.047282-0.064355-0.048624-0.0483880.049246-0.0263300.010475-0.0089470.017308-0.004329-0.0830660.083066-0.0276870.027687average_Medicare_allowed_amt-0.015953-0.040628-0.0472821.0000000.7362010.9981620.9939720.344168-0.0186410.0083430.001935-0.0046510.0143300.080614-0.080614-0.0558500.055850average_submitted_chrg_amt-0.015585-0.054489-0.0643550.7362011.0000000.7364080.7278820.231266-0.0056310.008059-0.0003260.002303-0.0055340.175188-0.175188-0.0608800.060880average_Medicare_payment_amt-0.015694-0.042105-0.0486240.9981620.7364081.0000000.9937840.341997-0.0182220.0090710.000547-0.0046290.0134340.083465-0.083465-0.0546770.054677average_Medicare_standard_amt-0.015630-0.042140-0.0483880.9939720.7278820.9937841.0000000.328102-0.013237-0.0036160.0003760.0066530.0083620.080637-0.080637-0.0555350.055535average_Medicare_uncovered_amt0.186680-0.0158800.0492460.3441680.2312660.3419970.3281021.000000-0.0181770.0227370.002723-0.0151160.011384-0.0252050.025205-0.0137980.013798nppes_census_region_M-0.009255-0.023463-0.026330-0.018641-0.005631-0.018222-0.013237-0.0181771.000000-0.257708-0.038692-0.366442-0.2479300.040545-0.0405450.015259-0.015259nppes_census_region_N-0.003042-0.0005980.0104750.0083430.0080590.009071-0.0036160.022737-0.2577081.000000-0.043655-0.413445-0.2797310.001683-0.0016830.036391-0.036391nppes_census_region_O-0.002723-0.012749-0.0089470.001935-0.0003260.0005470.0003760.002723-0.038692-0.0436551.000000-0.062075-0.041999-0.0021910.002191-0.0012360.001236nppes_census_region_S0.0129330.0310020.017308-0.0046510.002303-0.0046290.006653-0.015116-0.366442-0.413445-0.0620751.000000-0.397757-0.0253210.025321-0.0304580.030458nppes_census_region_W-0.002825-0.011170-0.0043290.014330-0.0055340.0134340.0083620.011384-0.247930-0.279731-0.041999-0.3977571.000000-0.0099690.009969-0.0154930.015493place_of_service_F-0.029968-0.031839-0.0830660.0806140.1751880.0834650.080637-0.0252050.0405450.001683-0.002191-0.025321-0.0099691.000000-1.000000-0.0915710.091571place_of_service_O0.0299680.0318390.083066-0.080614-0.175188-0.083465-0.0806370.025205-0.040545-0.0016830.0021910.0253210.009969-1.0000001.0000000.091571-0.091571nppes_provider_gender_F-0.006412-0.048223-0.027687-0.055850-0.060880-0.054677-0.055535-0.0137980.0152590.036391-0.001236-0.030458-0.015493-0.0915710.0915711.000000-1.000000nppes_provider_gender_M0.0064120.0482230.0276870.0558500.0608800.0546770.0555350.013798-0.015259-0.0363910.0012360.0304580.0154930.091571-0.091571-1.0000001.000000

line_srvc_cntaverage_Medicare_allowed_amtaverage_Medicare_standard_amtaverage_Medicare_uncovered_amtline_srvc_cnt1.000000-0.024499-0.0242300.265360average_Medicare_allowed_amt-0.0244991.0000000.9948340.352463average_Medicare_standard_amt-0.0242300.9948341.0000000.340548average_Medicare_uncovered_amt0.2653600.3524630.3405481.000000

average_Medicare_uncovered_amtnppes_census_region_Mnppes_census_region_Nnppes_census_region_Snppes_census_region_Waverage_Medicare_uncovered_amt1.000000-0.0140430.021319-0.0162140.010610nppes_census_region_M-0.0140431.000000-0.257610-0.359984-0.245173nppes_census_region_N0.021319-0.2576101.000000-0.417632-0.284434nppes_census_region_S-0.016214-0.359984-0.4176321.000000-0.397469nppes_census_region_W0.010610-0.245173-0.284434-0.3974691.000000
Text(0,0.5,'average_Medicare_uncovered_amt')


Text(0,0.5,'average_Medicare_uncovered_amt')


[2, 0.5585036277770996]
[3, 1.1319704055786133]
[4, 1.9039063453674316]
[5, 3.474707841873169]
[6, 4.838060617446899]
[7, 6.539511203765869]
[8, 9.513559103012085]
[9, 13.338330745697021]
[10, 18.00884175300598]
[11, 22.02709674835205]
[12, 27.175330877304077]
[13, 32.66066312789917]
[14, 38.63668346405029]
[15, 45.62435340881348]
[16, 52.172842025756836]
[17, 74.40334296226501]
[18, 90.13009786605835]
[19, 101.5636534690857]

Text(0,0.5,'SSE')


[2, 3.6324691772460938]
[3, 7.350029230117798]
[4, 11.194862365722656]
[5, 15.79525899887085]
[6, 20.20222234725952]
[7, 24.93070363998413]
[8, 30.975626707077026]
[9, 37.9082396030426]
[10, 45.589245557785034]
[11, 52.614726543426514]
[12, 60.31955075263977]
[13, 68.73224186897278]
[14, 77.61239171028137]
[15, 87.50032687187195]
[16, 96.91057419776917]
[17, 109.191969871521]
[18, 121.50572919845581]
[19, 134.57099390029907]

Text(0,0.5,'Silhouette Score')



average_Medicare_uncovered_amtplace_of_service_Fplace_of_service_Onppes_provider_gender_Fnppes_provider_gender_MCluster27769270.07717901011961040210.4964860110283752322.61062501011355827428.27766701011678927048.40173910103

1    37445
0    27634
2    19299
3     9374
7      258
5       83
4       42
6        3
Name: Cluster, dtype: int64


average_Medicare_uncovered_amtplace_of_service_Fplace_of_service_Onppes_provider_gender_Fnppes_provider_gender_MCluster033.8113691.0000000.0000000.0000001.000000131.0268570.0000001.0000000.0000001.000000228.6456680.0000001.0000001.0000000.000000330.1902081.0000000.0000001.0000000.00000045483.3466260.0000001.0000000.2380950.76190552540.7763300.0000001.0000000.3132530.686747614432.8425000.0000001.0000000.0000001.0000007892.1190650.0697670.9302330.2170540.782946



average_Medicare_uncovered_amtnppes_census_region_Mnppes_census_region_Nnppes_census_region_Snppes_census_region_Wplace_of_service_Fplace_of_service_Onppes_provider_gender_Fnppes_provider_gender_MCluster27769270.077179000101011961040210.49648601000110283752322.610625100001011355827428.277667010001011678927048.401739000110103



average_Medicare_uncovered_amtnppes_census_region_Mnppes_census_region_Nnppes_census_region_Snppes_census_region_WCluster033.8113690.2051460.2112980.3669030.210393131.0268570.1653890.2178390.3898780.220109228.6456680.1894400.2379400.3612100.204985330.1902080.2068490.2693620.3206740.19682145483.3466260.0952380.2619050.4523810.19047652540.7763300.1325300.1686750.4457830.240964614432.8425000.3333330.3333330.3333330.0000007892.1190650.1201550.2596900.3139530.298450

average_Medicare_uncovered_amtplace_of_service_Fplace_of_service_Onppes_provider_gender_Fnppes_provider_gender_MCluster033.8113691.0000000.0000000.0000001.000000131.0268570.0000001.0000000.0000001.000000228.6456680.0000001.0000001.0000000.000000330.1902081.0000000.0000001.0000000.00000045483.3466260.0000001.0000000.2380950.76190552540.7763300.0000001.0000000.3132530.686747614432.8425000.0000001.0000000.0000001.0000007892.1190650.0697670.9302330.2170540.782946
